Tiempo de Ejecución: 543742
28329 20024 15529 14924 16011 21426 17080 17329 18217 20605 
43128 32903 30287 25779 25873 30409 27465 23534 27946 33734 
30786 28786 26706 22041 21059 24741 16176 21450 15303 20066 
37810 24939 24115 28286 21726 22372 19838 16593 25315 21911 
22207 15640 11718 12981 16812 16615 18105 10156 15239 14997 
35995 24258 23773 26634 15206 21823 17853 19588 21223 19121 
40585 28830 31302 26023 18110 30956 19239 29103 26352 33981 
28023 22856 19474 20324 17341 21971 12523 18324 14946 17422 
33240 21076 21843 22902 12994 23199 16809 19345 21728 23478 
26896 20872 20572 17786 15897 21943 17160 17661 16552 21878 
